2.820055629929300520e-02
6.034287346941056424e-02
2.196308309580431439e-01
9.942277699625111376e-02
3.192531605891613111e-02
2.532528982297503964e-02
6.982920485039537106e-02
4.546507438658267675e-02
2.417990806162853210e-02
4.185225562077487388e-02
3.260842829016312727e-01
7.273971666076647913e-02
3.583140835140707220e-02
8.712934783261884475e-02
5.145811250266634218e-01
1.205195308114078018e-01
5.020201581440391497e-02
8.070300573232594421e-02
5.075144254183495685e-01
3.361420496235228289e-02
2.150767471571253184e-02
2.780690723730875474e-02
5.091794793124916618e-02
1.552843073015651165e-01
3.037125266499304255e-01
1.527690352762918757e-01
2.023674408700107397e-01
8.155592789871882187e-02
4.047478495778195073e-02
4.797118504864080618e-02
4.907816775852815588e-02
4.803161829267266897e-02
5.744204776107864063e-02
6.938904352854641244e-02
2.226310908723872217e-01
2.432012179176943900e-01
9.293367596233845229e-02
8.497853340161040658e-02
8.531339659518637208e-02
9.879341070400053659e-02
1.039953979853379673e-01
7.042584880455980689e-02
5.465735786413761232e-02
4.473608919829711317e-01
6.819929641448509161e-02
5.333992863905629572e-02
