7.959947204205769511e-02
7.035613115870903433e-01
8.907968950948350062e-02
3.282437479374650247e-02
7.824452315153426762e-02
4.043893544615347058e-02
2.373633008017841592e-02
3.905407918874323481e-02
2.872687124189043373e-01
1.757366529621980089e-01
5.857383654453152816e-02
1.191619802186541233e-01
2.715777741832814049e-02
4.197401270223583697e-02
8.690077167375129807e-01
9.300518262106605150e-02
2.943381582034676036e+00
1.051416032988680971e-01
5.542819476192142325e-01
2.953075385520170446e-02
1.740038211243961214e-02
1.911397647119235377e-02
2.773974624152509422e-02
7.178403475833043668e-02
4.581989868465893290e-01
7.794692178521321901e-01
1.218913654064587709e-01
3.772706756661709654e-02
3.566026819606753911e-02
5.152939879306243226e-02
9.025487141895448262e-02
4.185975766525923403e-02
6.474788702294001497e-02
9.422494526036957752e-02
2.544898659245752315e-01
5.337732833327214488e-01
5.038969171492901911e-02
8.298432432927960178e-02
2.075785541654041055e-01
2.201991654017070865e-01
8.614294569481001362e-02
1.958843243999547068e-01
6.030806664855081767e-02
1.338517175089575240e-01
3.396768914133246331e-01
5.171730556018842850e-02
