1.049873348597113280e-02
1.257653380191557473e-02
1.644149360400544088e-02
2.477419255203476209e-02
4.731093824059918324e-02
1.173509409221102362e-01
1.002794659189837623e-01
4.068311220902953718e-02
4.018278934080319470e-02
3.203289959042762008e-02
1.817146431253327879e-02
1.768795070322652652e-02
2.436980579826304380e-02
4.894041539986822287e-02
9.839181283600291483e-02
5.840555715941422865e-02
4.257236617432841319e-02
3.718290917289690523e-02
3.624237349292440402e-02
3.253935412277536576e-02
4.458027892979705975e-02
8.939861732027339081e-02
7.865643661189013203e-02
4.280950498775062257e-02
3.403670365194660929e-02
2.306654572941813086e-02
2.548628006230962972e-02
3.079156954851978989e-02
4.217330486164959369e-02
5.603611825975954308e-02
7.554491738831344005e-02
5.725023411487289993e-02
3.932816521413697725e-02
3.162787005898593656e-02
3.293216022787719827e-02
3.388351256243328502e-02
2.963240605486757578e-02
3.231942775763686077e-02
3.842775119936808759e-02
4.564663289582973627e-02
4.697036219643755534e-02
4.712025017990817410e-02
4.244176431368314184e-02
4.081614471999054500e-02
4.246452835923883451e-02
4.217132310413427426e-02
