1.387356874832395941e-02
1.906058485914515280e-02
3.213100440463114577e-02
8.266333385246400767e-02
3.228620283575033834e-01
8.311674657734113847e-02
2.727886741783115340e-02
1.637943082035787229e-02
1.405158546007854829e-02
1.508330983179658434e-02
2.021688387879169713e-02
3.527389113999823689e-02
9.101800280252171638e-02
1.572576406633687529e-01
6.108988158106605504e-02
1.988605710950191452e-01
2.240114322171983183e-02
1.773215753192680655e-02
2.067264413223742978e-02
3.473860170145491588e-02
1.066698815116722127e-01
1.116839520408823561e-01
9.345971892317944674e-02
4.132177619967870169e-02
2.508465189091042130e-02
2.293047775259396404e-02
3.446030139728443326e-02
5.541816702733817768e-02
3.976387340650718721e-02
5.729777167800972903e-02
8.954281655938163553e-02
5.938686927216969141e-02
3.453872335014226969e-02
3.072269163654103158e-02
4.220567484628322263e-02
3.558685382531136948e-02
2.960532355687551728e-02
3.918199600234794494e-02
6.456121588841746972e-02
6.962463367130104774e-02
4.475996459917287035e-02
3.653664805097035784e-02
3.944420226126721385e-02
3.058578989207359766e-02
2.647842168540443311e-02
3.193348539593038327e-02
