1.499166050809889496e-02
2.092331153834726953e-02
3.529106477943944747e-02
7.454574693172567879e-02
9.379127590680048920e-02
4.259294199931528552e-02
2.348004270839453012e-02
1.930465552808518712e-02
1.845224028262495292e-02
2.251205967650777434e-02
3.428667506472332649e-02
5.346365878571679442e-02
4.841258907195524624e-02
3.308153360388352976e-02
2.875118591622590966e-02
2.991793806650266604e-02
3.720134802929930123e-02
8.741217139141085890e-02
1.415884453407326438e-01
4.605720650936473426e-02
3.232954012455918624e-02
3.393356607750307175e-02
2.992913495193410059e-02
4.952960549378142979e-02
2.007341993785951850e-01
1.845564570199767773e-01
5.429812963531774339e-02
2.974859204979544633e-02
3.389312848736517059e-02
3.339715927659058642e-02
4.190954635833453457e-02
1.283260960457754118e-01
3.590959222409528806e-01
9.286156580849072584e-02
4.145572451931624908e-02
3.820233515465318308e-02
4.240963336746962631e-02
4.592102504027362891e-02
5.740847175038756023e-02
8.425061085254884063e-02
1.410936918730238687e-01
8.899549868532531660e-02
4.510874723216992677e-02
4.363325022548471266e-02
3.862439130970276441e-02
4.022674195683206833e-02
