2.057437543619147768e-02
3.489031466718470198e-02
7.437843483478034923e-02
7.349454233620045240e-02
3.332726654683240697e-02
2.966050206086962016e-02
5.948336150324960714e-02
3.130922604255466368e-02
3.589755365354658362e-02
9.417072598617426404e-02
2.138853195446290545e-01
4.832782423100199370e-02
3.659871428567928325e-02
2.636960229437943989e-02
3.137131472159417761e-02
4.054314987220369176e-02
8.409963374967793781e-02
1.601740207322073228e+00
1.182432419734866097e-01
4.363176033899975048e-02
2.892185554114706791e-02
2.322398512756841324e-02
2.838198476312566235e-02
7.751636856437015000e-02
5.522773782360088646e-01
2.242343531693365144e-01
8.536477171720618928e-02
5.827231165326618445e-02
4.019855784947467398e-02
2.859017615003617285e-02
8.735359809723712565e-02
9.939609746814939695e-02
4.235358430994579093e-01
1.023958754856838238e-01
4.019027985575794326e-01
2.604437138040024968e-01
4.035892892944387134e-02
5.570972640088017735e-02
4.288318962503812753e-02
7.777402633692491463e-02
1.571229286496348965e-01
8.461468247461016723e-02
9.549037073179043045e-01
1.125673014966145358e+00
5.528986968125274709e-02
3.533231930650718167e-02
