1.229845960409967423e-02
1.532108204818870972e-02
2.122892522200044499e-02
3.442066938986620972e-02
6.464349367250582512e-02
8.176379615953981161e-02
4.390146856784489515e-02
2.551316647042588259e-02
2.671645036296243017e-02
3.230230822015762310e-02
1.854078471640057194e-02
1.843628473358132833e-02
2.459898488440149383e-02
4.110713938551185942e-02
7.341933125209271216e-02
1.244242948333967036e-01
4.341212718607730114e-02
4.496984780427774192e-02
4.272688742371507503e-02
2.903137702808995801e-02
3.357471762717396252e-02
3.582398661716356542e-02
3.367698066356000081e-02
5.247299222750435171e-02
5.505593535145185402e-02
5.209225038816305692e-02
7.798625834820736846e-02
7.527475379858264426e-02
1.502325739679907235e-01
5.966944350039155021e-02
3.141847771548213208e-02
3.476537653707581499e-02
7.326781880940091973e-02
5.580895534168578420e-02
7.323173560279729044e-02
6.029045079655696165e-02
6.457245590747477670e-02
1.536197804092777897e-01
2.396787827112881741e-01
4.541436779656807254e-02
4.167557288034548502e-02
3.858452917382428765e-02
3.813905450157856203e-02
4.924134567486307401e-02
4.310694478249799816e-02
5.443102989330436681e-02
