6.572244943901799086e-02
2.966004080322888758e-01
1.292108733730489289e-01
3.816869060476753978e-02
4.714571899411455769e-02
3.557081379615373989e-02
2.239342815449844176e-02
3.024346056189451681e-02
1.047728119042685702e-01
1.135489423843119017e+00
5.127576989840360033e-02
2.763057707931048657e-01
2.536545477508244176e-02
3.605746486734788536e-02
1.159156374791002336e-01
8.693252001583612332e-02
2.405144420557119300e+00
1.212016801408562633e-01
1.872220273734198359e-01
2.905194421598917762e-02
6.794139282776444355e-02
7.298834766552801667e-02
5.667721729260545571e-02
7.063339432552219466e-02
1.934177397563330014e-01
1.024425022422840448e-01
2.079858288603174121e-01
3.438837750784113356e-01
2.129065318390003514e-01
6.043808657962719544e-02
2.689207749877578144e-02
4.306845210449090910e-02
4.986519155085578775e-02
7.244411987847473866e-02
2.294601056725715515e-01
9.128752602963363660e-02
2.131320055435843297e-01
4.926996532583359567e+00
2.278456547229462670e-01
5.543370200634242795e-02
5.779913847264781662e-02
2.600590162678352232e-02
7.247680228355751764e-02
5.111426274387433077e-02
8.510062929679725052e-02
3.076653820019688457e+00
