9.881378639424776705e-03
1.162671915615536879e-02
1.473347460118303726e-02
2.102215952356286874e-02
3.675205125687205920e-02
9.045301968582905583e-02
1.616809325460565050e-01
5.897905240304767566e-02
3.770328599306271150e-02
5.041354415805442135e-02
2.157371285761869664e-02
1.653886954425454539e-02
1.903845342042950403e-02
3.131794445636660457e-02
8.188524876682068410e-02
1.164021967360531623e-01
5.111832351750843217e-02
3.194656422837731380e-02
4.122943112273381311e-02
3.594334093062961921e-02
3.281354242634597351e-02
5.397985608129679536e-02
1.223790342302362444e-01
7.400607927220437254e-02
8.035417318403546838e-02
2.997017806766781589e-02
2.721640084974606688e-02
3.283141661690978930e-02
3.364301094097232880e-02
4.582246512058626292e-02
4.376056698276317020e-02
5.865476348240179078e-02
6.594314415249624695e-02
4.608529524551120693e-02
4.602161402081690611e-02
3.947120627119233421e-02
3.217026485633571464e-02
2.675467145118083298e-02
3.420228665954066355e-02
3.685157470842852223e-02
4.572065357246263284e-02
8.638145977566549782e-02
5.419799174019670346e-02
5.629238368931721581e-02
3.793042836425641190e-02
4.582980875449498004e-02
