8.685187416125302040e-02
4.399934334414902226e-01
8.363790879027745151e-02
3.685903688113990190e-02
5.660011161787488476e-02
2.922908946207244951e-02
2.411770294218017890e-02
4.187513633042055233e-02
3.985124601281431755e-01
1.250030008286061312e-01
5.331975068321335304e-02
7.857337218979597304e-02
2.989016468058032505e-02
6.419149348378813680e-02
1.090518374442974725e-01
3.366190260058114503e-01
1.447873537390041709e-01
7.462685310217661572e-01
5.396717963356298386e-02
4.965388253947388558e-02
7.751046777956963063e-02
6.919375979321906733e-02
6.423597489302415586e-02
9.652297950672709959e-02
2.251746759994597280e-01
2.341087027795168696e-01
3.820291662096750307e-01
8.072536576607169945e-02
1.217393776303842545e-01
5.834841514622591402e-02
4.236851562787070924e-02
2.300329270416833494e-01
8.904503801342464331e-02
1.356208287367972887e-01
9.090989196520814219e-02
1.014495165434945889e+00
1.285851170507491814e-01
1.383065299412751248e-01
6.327044404401160893e-02
5.452799061095672806e-02
6.573640701185495816e-02
7.922638729976708150e-02
1.720794642156999732e-01
5.309156603524342044e-01
1.815164975226755129e-01
1.875126699927940066e-01
