1.028866377441171702e-02
1.221374529505356299e-02
1.568281932991565097e-02
2.281730754119461885e-02
4.081668459319495040e-02
9.541827701804528328e-02
1.158305487277463547e-01
4.765450020660295244e-02
3.671573586326280780e-02
4.037385438284842726e-02
2.019319748703412090e-02
1.699078864451517359e-02
2.055097564167075730e-02
3.474362103638036631e-02
7.839798281393478563e-02
8.079292922214842410e-02
4.869922338901420955e-02
3.170064164890822045e-02
3.660268555005797425e-02
3.185382508114527333e-02
3.377869347792116644e-02
5.823344051525272680e-02
9.673163718512564624e-02
5.753404053685771957e-02
6.397378715775456359e-02
2.895484029273506094e-02
2.807171806541816986e-02
3.116691044100936350e-02
3.501232889263909687e-02
4.264482171208591049e-02
4.316292464222436925e-02
5.309030753288727922e-02
5.125123250909841693e-02
4.062637217750877244e-02
3.941332686030320220e-02
3.424179202049306564e-02
2.973146901459808311e-02
2.936302197745278841e-02
3.811143675701107736e-02
3.863570697961950934e-02
4.661818390177643878e-02
6.709341989406346352e-02
5.110484852360368258e-02
4.034375648876287190e-02
3.304655898253799906e-02
4.382456632899654064e-02
