2.476066188631241560e-02
4.184335853024528928e-02
8.124808278236250736e-02
7.815301509791587609e-02
3.802194731956035079e-02
2.855142437143386169e-02
5.845238129336492033e-02
3.449292888867083046e-02
2.138624877089265533e-02
3.482200055133348460e-02
2.393432647965502147e-01
6.963497596962839320e-02
3.822463164028862270e-02
9.210256571209472776e-02
1.803824213394772946e-01
8.667292943868960819e-02
5.664195872160850131e-02
5.260214313119698781e-01
5.010301421490136881e-02
2.436594751593119945e-02
4.858876005893339456e-02
2.933804171690424303e-02
4.356718383272802780e-02
1.537843641056962085e-01
2.177352652366000285e-01
9.351879373119430239e-02
1.236040883006077479e-01
6.068271045102346939e-02
4.279576090642901731e-02
4.148352925343533337e-02
1.195331760353347816e-01
1.778308863924069616e-01
7.854298133760190259e-02
1.246763353973390914e-01
4.861998143594091493e-02
5.071056460380174435e-01
2.335414070901698502e-01
1.009459897156708696e-01
5.647667114398656485e-02
3.907832582467508920e-02
8.246229478633521071e-02
1.002445535448547725e-01
1.003204473616057940e-01
1.103800545517141518e-01
1.690125473176218862e-01
1.199304720748820552e-01
